
 etall    1, NO =    2, NV =    6, INA =   27
 *********************************************

    I  COEFFICIENT          ORDER   EXPONENTS
     1   0.1895887929190E-01    0     0 0  0 0  0 0
   1.8958879291899162E-002
     2   -1.511770582742        1     1 0  0 0  0 0
  -1.5117705827421013     
     3    31.68937898012        1     0 1  0 0  0 0
   31.689378980121166     
     4  -0.2847089570197E-06    1     0 0  1 0  0 0
  -2.8470895701974369E-007
     5  -0.2689786073895E-05    1     0 0  0 1  0 0
  -2.6897860738945509E-006
     6   0.9016672048585E-04    1     0 0  0 0  1 0
   9.0166720485854168E-005
     7  -0.4104830990850E-05    1     0 0  0 0  0 1
  -4.1048309908498443E-006
     8  -0.9412794111347E-05    2     2 0  0 0  0 0
  -9.4127941113468391E-006
     9   0.2918233058907E-03    2     1 1  0 0  0 0
   2.9182330589068483E-004
    10  -0.1799015315363E-02    2     0 2  0 0  0 0
  -1.7990153153633838E-003
    11   0.1620495618214E-03    2     1 0  1 0  0 0
   1.6204956182143111E-004
    12  -0.1229051039625E-02    2     0 1  1 0  0 0
  -1.2290510396251279E-003
    13  -0.1625530150808E-05    2     0 0  2 0  0 0
  -1.6255301508081745E-006
    14   0.1530962212186E-02    2     1 0  0 1  0 0
   1.5309622121855919E-003
    15  -0.1161145193707E-01    2     0 1  0 1  0 0
  -1.1611451937074229E-002
    16  -0.1055426405638E-04    2     0 0  1 1  0 0
  -1.0554264056378162E-005
    17    17.11637116857        2     1 0  0 0  1 0
   17.116371168572734     
    18   -135.0409785078        2     0 1  0 0  1 0
  -135.04097850775074     
    19  -0.1331725403767E-04    2     0 0  1 0  1 0
  -1.3317254037671061E-005
    20   0.2336372098656E-02    2     1 0  0 0  0 1
   2.3363720986555401E-003
    21  -0.1772001432480E-01    2     0 1  0 0  0 1
  -1.7720014324802528E-002
    22  -0.1419873862494E-08    2     0 0  1 0  0 1
  -1.4198738624944392E-009
    23  -0.7921444532160E-04    2     0 0  0 2  0 0
  -7.9214445321600902E-005
    24  -0.1295219256026E-03    2     0 0  0 1  1 0
  -1.2952192560263982E-004
    25  -0.7918252257271        2     0 0  0 0  2 0
 -0.79182522572706260     
    26  -0.1341424935135E-07    2     0 0  0 1  0 1
  -1.3414249351345693E-008
    27  -0.2068183693741E-03    2     0 0  0 0  1 1
  -2.0681836937406763E-004
    28  -0.1023561445849E-07    2     0 0  0 0  0 2
  -1.0235614458488339E-008
                                      

 etall    1, NO =    2, NV =    6, INA =   30
 *********************************************

    I  COEFFICIENT          ORDER   EXPONENTS
     1   0.1164517295372E-02    0     0 0  0 0  0 0
   1.1645172953722001E-003
     2  -0.1353780265079        1     1 0  0 0  0 0
 -0.13537802650786265     
     3    2.176286300765        1     0 1  0 0  0 0
   2.1762863007652027     
     4   0.2944631009245E-07    1     0 0  1 0  0 0
   2.9446310092452538E-008
     5   0.2781938286851E-06    1     0 0  0 1  0 0
   2.7819382868508331E-007
     6   0.5236423471588E-02    1     0 0  0 0  1 0
   5.2364234715884224E-003
     7   0.4245462717399E-06    1     0 0  0 0  0 1
   4.2454627173985136E-007
     8  -0.1051689201458E-06    2     2 0  0 0  0 0
  -1.0516892014581480E-007
     9   0.1603452956689E-05    2     1 1  0 0  0 0
   1.6034529566893696E-006
    10   0.4577772689643E-04    2     0 2  0 0  0 0
   4.5777726896427943E-005
    11   0.5572592937504E-05    2     1 0  1 0  0 0
   5.5725929375041039E-006
    12   0.6408198109795E-05    2     0 1  1 0  0 0
   6.4081981097946657E-006
    13   0.1681131563552E-06    2     0 0  2 0  0 0
   1.6811315635521431E-007
    14   0.5264703659373E-04    2     1 0  0 1  0 0
   5.2647036593731815E-005
    15   0.6054141118324E-04    2     0 1  0 1  0 0
   6.0541411183237526E-005
    16   0.1091416569634E-05    2     0 0  1 1  0 0
   1.0914165696335221E-006
    17   0.5316374295575        2     1 0  0 0  1 0
  0.53163742955746218     
    18    1.403177827648        2     0 1  0 0  1 0
   1.4031778276478253     
    19  -0.9981157749020E-06    2     0 0  1 0  1 0
  -9.9811577490202451E-007
    20   0.8034363382418E-04    2     1 0  0 0  0 1
   8.0343633824177713E-005
    21   0.9239108762836E-04    2     0 1  0 0  0 1
   9.2391087628361426E-005
    22  -0.1107511825509E-09    2     0 0  1 0  0 1
  -1.1075118255089001E-010
    23   0.8192036269832E-05    2     0 0  0 2  0 0
   8.1920362698324037E-006
    24  -0.9046266199950E-05    2     0 0  0 1  1 0
  -9.0462661999496679E-006
    25  -0.4713297452822E-01    2     0 0  0 0  2 0
  -4.7132974528215965E-002
    26  -0.1046321097907E-08    2     0 0  0 1  0 1
  -1.0463210979065849E-009
    27  -0.1285821604524E-04    2     0 0  0 0  1 1
  -1.2858216045242351E-005
    28  -0.7983852899588E-09    2     0 0  0 0  0 2
  -7.9838528995881910E-010
                                      

 etall    1, NO =    2, NV =    6, INA =   31
 *********************************************

    I  COEFFICIENT          ORDER   EXPONENTS
     1   0.1782395252309        0     0 0  0 0  0 0
  0.17823952523089143     
     2  -0.2264247516044E-07    1     1 0  0 0  0 0
  -2.2642475160442891E-008
     3   0.5448160248414E-06    1     0 1  0 0  0 0
   5.4481602484143571E-007
     4   0.7880098419615        1     0 0  1 0  0 0
  0.78800984196153689     
     5    8.235312673648        1     0 0  0 1  0 0
   8.2353126736479556     
     6   0.8053701615552E-01    1     0 0  0 0  1 0
   8.0537016155523666E-002
     7   0.6758659639346E-05    1     0 0  0 0  0 1
   6.7586596393463382E-006
     8   0.2610732795392E-05    2     2 0  0 0  0 0
   2.6107327953921059E-006
     9  -0.7265002939282E-04    2     1 1  0 0  0 0
  -7.2650029392820267E-005
    10   0.6102029701630E-03    2     0 2  0 0  0 0
   6.1020297016304084E-004
    11  -0.3333305398281E-05    2     1 0  1 0  0 0
  -3.3333053982806532E-006
    12   0.8020493271188E-04    2     0 1  1 0  0 0
   8.0204932711882358E-005
    13   0.7168813701676E-04    2     0 0  2 0  0 0
   7.1688137016757188E-005
    14   0.8081914198316E-05    2     1 0  0 1  0 0
   8.0819141983155593E-006
    15  -0.1944644450501E-03    2     0 1  0 1  0 0
  -1.9446444505008737E-004
    16   0.5020491704478E-03    2     0 0  1 1  0 0
   5.0204917044784731E-004
    17   0.7450985265221E-05    2     1 0  0 0  1 0
   7.4509852652205620E-006
    18  -0.1783987699109E-03    2     0 1  0 0  1 0
  -1.7839876991094253E-004
    19    8.279920172332        2     0 0  1 0  1 0
   8.2799201723316767     
    20   0.1211996852984E-08    2     1 0  0 0  0 1
   1.2119968529840077E-009
    21  -0.2916268221050E-07    2     0 1  0 0  0 1
  -2.9162682210497818E-008
    22   0.9949741139755E-03    2     0 0  1 0  0 1
   9.9497411397553109E-004
    23  -0.1450288971962E-02    2     0 0  0 2  0 0
  -1.4502889719624039E-003
    24   -18.41393216040        2     0 0  0 1  1 0
  -18.413932160400194     
    25   -7.979672409925        2     0 0  0 0  2 0
  -7.9796724099252643     
    26  -0.2412408842839E-02    2     0 0  0 1  0 1
  -2.4124088428390238E-003
    27  -0.2195057333072E-02    2     0 0  0 0  1 1
  -2.1950573330722072E-003
    28  -0.1808873401700E-06    2     0 0  0 0  0 2
  -1.8088734017004725E-007
                                      

 etall    1, NO =    2, NV =    6, INA =   32
 *********************************************

    I  COEFFICIENT          ORDER   EXPONENTS
     1  -0.9529784284882E-02    0     0 0  0 0  0 0
  -9.5297842848824990E-003
     2  -0.9585583277224E-07    1     1 0  0 0  0 0
  -9.5855832772236332E-008
     3   0.2306452514523E-05    1     0 1  0 0  0 0
   2.3064525145233488E-006
     4  -0.1377340683684        1     0 0  1 0  0 0
 -0.13773406836838542     
     5  -0.1704092392497        1     0 0  0 1  0 0
 -0.17040923924971885     
     6   0.1872412047891        1     0 0  0 0  1 0
  0.18724120478908643     
     7   0.2861246147177E-04    1     0 0  0 0  0 1
   2.8612461471768316E-005
     8   0.1105242060830E-04    2     2 0  0 0  0 0
   1.1052420608301633E-005
     9  -0.3075608253537E-03    2     1 1  0 0  0 0
  -3.0756082535367729E-004
    10   0.2583269942753E-02    2     0 2  0 0  0 0
   2.5832699427532991E-003
    11  -0.2630556913142E-06    2     1 0  1 0  0 0
  -2.6305569131415040E-007
    12   0.6329562251395E-05    2     0 1  1 0  0 0
   6.3295622513952238E-006
    13   0.1677650189730E-04    2     0 0  2 0  0 0
   1.6776501897298105E-005
    14  -0.4882570971489E-05    2     1 0  0 1  0 0
  -4.8825709714893956E-006
    15   0.1174828674358E-03    2     0 1  0 1  0 0
   1.1748286743581644E-004
    16   0.2261005288649E-03    2     0 0  1 1  0 0
   2.2610052886487027E-004
    17   0.4224623116896E-06    2     1 0  0 0  1 0
   4.2246231168960431E-007
    18  -0.6420817113919E-05    2     0 1  0 0  1 0
  -6.4208171139186235E-006
    19   0.5177311648140        2     0 0  1 0  1 0
  0.51773116481396064     
    20   0.4657745931238E-10    2     1 0  0 0  0 1
   4.6577459312376857E-011
    21  -0.1120731989324E-08    2     0 1  0 0  0 1
  -1.1207319893240374E-009
    22   0.7852073906175E-04    2     0 0  1 0  0 1
   7.8520739061749937E-005
    23   0.1507141087493E-02    2     0 0  0 2  0 0
   1.5071410874932087E-003
    24    10.41982677548        2     0 0  0 1  1 0
   10.419826775481980     
    25   0.1070535339793        2     0 0  0 0  2 0
  0.10705353397931305     
    26   0.1457421731830E-02    2     0 0  0 1  0 1
   1.4574217318299501E-003
    27  -0.3237225225862E-05    2     0 0  0 0  1 1
  -3.2372252258619234E-006
    28  -0.6951563204270E-08    2     0 0  0 0  0 2
  -6.9515632042698357E-009
                                      

 etall    1, NO =    2, NV =    6, INA =   33
 *********************************************

    I  COEFFICIENT          ORDER   EXPONENTS
     1   0.4922161165940E-03    0     0 0  0 0  0 0
   4.9221611659396155E-004
     2  -0.8770653430677E-06    1     1 0  0 0  0 0
  -8.7706534306774485E-007
     3   0.2110366690702E-04    1     0 1  0 0  0 0
   2.1103666907015798E-005
     4   0.1815827029538E-04    1     0 0  1 0  0 0
   1.8158270295379816E-005
     5   0.1715501439708E-03    1     0 0  0 1  0 0
   1.7155014397084338E-004
     6   0.9955686819012        1     0 0  0 0  1 0
  0.99556868190122305     
     7   0.2617993877991E-03    1     0 0  0 0  0 1
   2.6179938779914941E-004
     8   0.1011278590006E-03    2     2 0  0 0  0 0
   1.0112785900062524E-004
     9  -0.2814131767412E-02    2     1 1  0 0  0 0
  -2.8141317674117870E-003
    10   0.2363650194954E-01    2     0 2  0 0  0 0
   2.3636501949538070E-002
    11   0.7839637996109E-21    2     1 0  1 0  0 0
   7.8396379961094306E-022
    12  -0.1886348722466E-19    2     0 1  1 0  0 0
  -1.8863487224657011E-020
    13   0.1036705063016E-03    2     0 0  2 0  0 0
   1.0367050630161149E-004
    14   0.7406493047160E-20    2     1 0  0 1  0 0
   7.4064930471602293E-021
    15  -0.1782126764577E-18    2     0 1  0 1  0 0
  -1.7821267645770485E-019
    16   0.6730743105437E-03    2     0 0  1 1  0 0
   6.7307431054373945E-004
    17   0.3766230200836E-05    2     1 0  0 0  1 0
   3.7662302008362781E-006
    18  -0.5636175930951E-04    2     0 1  0 0  1 0
  -5.6361759309511823E-005
    19  -0.6553616933697E-04    2     0 0  1 0  1 0
  -6.5536169336968659E-005
    20   0.1130290713026E-19    2     1 0  0 0  0 1
   1.1302907130260169E-020
    21  -0.2719669509727E-18    2     0 1  0 0  0 1
  -2.7196695097268258E-019
    22  -0.2340090671887E-18    2     0 0  1 0  0 1
  -2.3400906718872265E-019
    23   0.5051887088181E-02    2     0 0  0 2  0 0
   5.0518870881812493E-003
    24  -0.3827100838256E-03    2     0 0  0 1  1 0
  -3.8271008382561623E-004
    25   0.7532597278432E-02    2     0 0  0 0  2 0
   7.5325972784319349E-003
    26  -0.2210799184817E-17    2     0 0  0 1  0 1
  -2.2107991848167626E-018
    27   0.5710723531719E-16    2     0 0  0 0  1 1
   5.7107235317185018E-017
    28  -0.1686929138428E-17    2     0 0  0 0  0 2
  -1.6869291384280544E-018
                                      

 etall    1, NO =    2, NV =    6, INA =   34
 *********************************************

    I  COEFFICIENT          ORDER   EXPONENTS
     1   0.1563174370105E-02    0     0 0  0 0  0 0
   1.5631743701050027E-003
     2  -0.7909475616234E-02    1     1 0  0 0  0 0
  -7.9094756162337038E-003
     3   0.1657641892601        1     0 1  0 0  0 0
  0.16576418926009595     
     4   0.1587304469295        1     0 0  1 0  0 0
  0.15873044692946811     
     5    1.556816440202        1     0 0  0 1  0 0
   1.5568164402019005     
     6   -33.78844753557        1     0 0  0 0  1 0
  -33.788447535567414     
     7   0.9955648090819        1     0 0  0 0  0 1
  0.99556480908188349     
     8   0.7566690058209        2     2 0  0 0  0 0
  0.75666900582094243     
     9   -20.39815724407        2     1 1  0 0  0 0
  -20.398157244067846     
    10    169.1275488689        2     0 2  0 0  0 0
   169.12754886890110     
    11   0.6748787162477E-06    2     1 0  1 0  0 0
   6.7487871624769823E-007
    12  -0.1358690473531E-04    2     0 1  1 0  0 0
  -1.3586904735312566E-005
    13   0.7741423102394        2     0 0  2 0  0 0
  0.77414231023943081     
    14   0.5668312441289E-05    2     1 0  0 1  0 0
   5.6683124412894643E-006
    15  -0.1113361516343E-03    2     0 1  0 1  0 0
  -1.1133615163432674E-004
    16    5.677156427498        2     0 0  1 1  0 0
   5.6771564274979660     
    17   0.1766738687859E-01    2     1 0  0 0  1 0
   1.7667386878593025E-002
    18  -0.2472826127001        2     0 1  0 0  1 0
 -0.24728261270013216     
    19  -0.5211916735988        2     0 0  1 0  1 0
 -0.52119167359880392     
    20   0.3670076956921E-05    2     1 0  0 0  0 1
   3.6700769569206868E-006
    21  -0.5007535486530E-04    2     0 1  0 0  0 1
  -5.0075354865299862E-005
    22  -0.1251903153327E-03    2     0 0  1 0  0 1
  -1.2519031533269397E-004
    23    41.34829929258        2     0 0  0 2  0 0
   41.348299292579711     
    24   -5.257616187764        2     0 0  0 1  1 0
  -5.2576161877643885     
    25    57.16779710029        2     0 0  0 0  2 0
   57.167797100289093     
    26  -0.9715198477929E-03    2     0 0  0 1  0 1
  -9.7151984779291455E-004
    27   0.1504861241303E-01    2     0 0  0 0  1 1
   1.5048612413032680E-002
    28   0.1976717339881E-05    2     0 0  0 0  0 2
   1.9767173398811785E-006
                                      
