val
0.417289 
0.964590 
0.494465 
0.474442 
0.304141 
1.273482 
1.045447 
0.513485 
1.131788 
0.768534 
0.859888 
0.681050 
1.004215 
0.816516 
0.221244 
0.295848 
0.673060 
0.576425 
1.398117 
0.706596 
2.028930 
1.189605 
1.409285 
0.466836 
1.361453 
0.955998 
1.428928 
1.489350 
0.032803 
1.233727 
0.817075 
0.418821 
0.699984 
1.103308 
0.670909 
0.803564 
0.840276 
0.166140 
1.108708 
0.509513 
0.800649 
0.511348 
0.956932 
0.338846 
1.123030 
1.021187 
0.462098 
0.290586 
1.631797 
0.228039 
0.801538 
1.566129 
1.284191 
0.640810 
0.340988 
1.026153 
1.657166 
1.977592 
0.884046 
1.662258 
1.197626 
0.172643 
0.320796 
0.401793 
1.149678 
0.785258 
0.990090 
0.523555 
0.817549 
0.635516 
0.794891 
1.799175 
0.909046 
0.265706 
0.267769 
0.571998 
1.121494 
0.550534 
0.668072 
1.018980 
0.611693 
1.340121 
0.905949 
0.357418 
0.432773 
1.052446 
1.214155 
0.335785 
1.024106 
0.613108 
0.210968 
0.727970 
0.647772 
0.390337 
0.906632 
0.281204 
0.959274 
0.452607 
0.616018 
0.305357 
0.853694 
1.238260 
0.225893 
0.288517 
1.383056 
0.355847 
0.666783 
0.916208 
0.691872 
1.126583 
0.490710 
1.086010 
0.897286 
1.219323 
1.293754 
1.134242 
0.765630 
0.935877 
1.332018 
0.312776 
1.507105 
1.439054 
0.838034 
0.523270 
0.123959 
0.259238 
0.615749 
0.979402 
0.536645 
0.998935 
1.106178 
1.208260 
0.732815 
1.186970 
1.371610 
0.558365 
1.440711 
0.480977 
1.344346 
0.542471 
1.611383 
0.226238 
1.716504 
0.806799 
1.317602 
1.194511 
0.475289 
0.557747 
0.648641 
0.182038 
0.668681 
0.524200 
1.539481 
1.415346 
0.808407 
1.596269 
1.631134 
1.259535 
0.879458 
0.445920 
0.745864 
0.529404 
1.719793 
1.358816 
0.002536 
1.260169 
0.341443 
1.440729 
0.046941 
1.708129 
0.372346 
1.620658 
2.341336 
0.282933 
0.721843 
1.308714 
1.346551 
0.968134 
0.301646 
0.445895 
1.012011 
0.770278 
0.738722 
0.890393 
0.612256 
1.518615 
0.795836 
0.527261 
1.090760 
0.088328 
0.741595 
0.361315 
0.539080 
0.681005 
1.827691 
0.539088 
0.427124 
0.278486 
0.368115 
0.430210 
0.144154 
0.544029 
0.318790 
0.128609 
0.636510 
0.835850 
1.344650 
0.431643 
0.343097 
1.601255 
0.656684 
1.180741 
0.680339 
1.213851 
0.596481 
1.072041 
1.054692 
1.209747 
1.612922 
0.676144 
1.223783 
0.655014 
0.819756 
0.170145 
1.128191 
0.777779 
0.574039 
1.475767 
0.867105 
0.723420 
0.239358 
0.892452 
1.043839 
0.406506 
0.912978 
2.394749 
1.031686 
0.716491 
0.427118 
1.205362 
0.626369 
0.853136 
0.854368 
1.089765 
0.582713 
1.304109 
0.689275 
1.788155 
0.939111 
0.602021 
0.628187 
0.670806 
1.028638 
1.299785 
0.704105 
0.683050 
0.560100 
1.055273 
0.548190 
1.264292 
0.287034 
0.615379 
0.652670 
1.165181 
0.793904 
1.560281 
1.159812 
0.361677 
0.613755 
1.538580 
1.481805 
1.008570 
0.741923 
0.722637 
0.636891 
1.114494 
0.503888 
1.115114 
1.053446 
1.289202 
0.125540 
2.373350 
0.435290 
1.050805 
1.292379 
0.910480 
0.205531 
0.290766 
0.517733 
0.598328 
1.452853 
0.614158 
0.978545 
0.505797 
0.242146 
0.295704 
0.385482 
1.261686 
0.480733 
0.775502 
1.101387 
0.316062 
0.307739 
0.367014 
0.834785 
0.742497 
1.347404 
1.137959 
0.381461 
0.841704 
0.876698 
0.404678 
0.837392 
1.110968 
1.308610 
0.616065 
0.563979 
1.404586 
0.711096 
0.841677 
0.420212 
0.567993 
1.313319 
1.226879 
0.834326 
1.452525 
1.406689 
1.010160 
1.060436 
0.265584 
0.309802 
0.688957 
0.422063 
0.448037 
0.837275 
1.045806 
0.964663 
0.645978 
0.704365 
1.162450 
1.374392 
1.619737 
1.492324 
0.659612 
1.005836 
1.115284 
1.050939 
1.547664 
0.922065 
0.260287 
0.733887 
1.151645 
0.646078 
0.521632 
0.847712 
1.360065 
0.352688 
0.684792 
0.811376 
1.253383 
0.764319 
0.923498 
0.431744 
0.964582 
1.187117 
1.058686 
0.561772 
0.669621 
0.123577 
1.041149 
0.328748 
1.412286 
0.943228 
2.284683 
0.494229 
0.505653 
1.106920 
1.471637 
0.380010 
0.571934 
1.735691 
0.894706 
0.116727 
0.587741 
1.247579 
0.864160 
0.380547 
1.537959 
1.518882 
0.979792 
1.094583 
0.647988 
0.460259 
1.423802 
1.722212 
1.711586 
0.884029 
0.497342 
0.606679 
0.902872 
1.458663 
0.726807 
0.739651 
0.796912 
0.720498 
1.008137 
1.090775 
0.343467 
0.860877 
1.331546 
0.703378 
0.801832 
0.692655 
0.719156 
1.205780 
0.431927 
1.630329 
1.521275 
0.281670 
1.331924 
0.854614 
1.220441 
0.436153 
1.111315 
1.014632 
0.360267 
1.032659 
0.452415 
0.645608 
1.820764 
1.164842 
0.500698 
0.684443 
0.423087 
1.084964 
1.228638 
1.272550 
0.700215 
1.486509 
0.627397 
0.495545 
0.573805 
1.267942 
0.955681 
1.073823 
0.913614 
1.210519 
0.975997 
0.793425 
1.366058 
0.766858 
2.056246 
0.983371 
0.980764 
1.089085 
0.551919 
1.159898 
0.656740 
0.770477 
0.289528 
0.613920 
0.459332 
0.599795 
1.079310 
0.661156 
2.261681 
0.793290 
0.411959 
0.693213 
0.664898 
0.810424 
0.956305 
1.007812 
0.574525 
0.469868 
0.623606 
1.370449 
1.847838 
1.660049 
0.614234 
1.293583 
0.692616 
0.596862 
0.752284 
2.605676 
2.272815 
1.089340 
1.158038 
0.650045 
0.392007 
1.307046 
1.036742 
0.635968 
0.359110 
0.652466 
1.077413 
0.349502 
1.296374 
1.360376 
0.828402 
0.433113 
0.626158 
0.317392 
1.286428 
0.964408 
0.589954 
0.374833 
0.776261 
0.550011 
0.264391 
1.206734 
0.276151 
0.771503 
0.262488 
0.839283 
0.770181 
0.250604 
0.472849 
0.453458 
0.721137 
0.647893 
0.068638 
0.257484 
1.060821 
0.366498 
0.727367 
0.670653 
0.524716 
0.504330 
0.479089 
1.156037 
0.709616 
0.868230 
1.337921 
0.478327 
0.380693 
0.368504 
0.639413 
0.941043 
0.700753 
0.718337 
0.661493 
0.786678 
1.381389 
0.739199 
1.847257 
0.596134 
0.810857 
0.428008 
0.814551 
1.477663 
0.844830 
0.820159 
1.739597 
0.453170 
0.977445 
0.670787 
0.890956 
1.392145 
0.940276 
1.182470 
0.948428 
2.011973 
0.576062 
0.745394 
0.455071 
0.734924 
0.897649 
0.859931 
0.069620 
1.683722 
1.612506 
0.667151 
0.717893 
1.225711 
1.230891 
0.679448 
0.282083 
0.551267 
0.877694 
0.907885 
0.402280 
0.220215 
0.228999 
0.326154 
0.515025 
1.047810 
0.788820 
1.232097 
0.859700 
0.226897 
0.873618 
0.350626 
0.182402 
1.301574 
0.883629 
0.498171 
0.515741 
0.316325 
1.164648 
0.521840 
0.192816 
1.050278 
0.954129 
0.760538 
0.767973 
0.688874 
1.286599 
0.859201 
1.010623 
0.651791 
0.295243 
1.247942 
0.707093 
0.380164 
1.486371 
0.992314 
1.270605 
0.660417 
0.723243 
0.625094 
0.718988 
1.683029 
0.760436 
0.757218 
1.190057 
1.991990 
1.033235 
2.168503 
0.281738 
0.713057 
0.510367 
0.345960 
0.262789 
1.324421 
0.896105 
0.847356 
0.478667 
0.669206 
0.186872 
1.364611 
1.108134 
0.354022 
1.002520 
0.325565 
0.539293 
0.861827 
1.139443 
0.234171 
1.449506 
0.379791 
0.687675 
0.574768 
0.280106 
1.300946 
1.124652 
1.337450 
1.262800 
0.684255 
1.317541 
1.437420 
1.216707 
0.233529 
2.068404 
1.351829 
1.456143 
0.878931 
0.658045 
0.297641 
1.514613 
0.698134 
1.628292 
0.965427 
0.836846 
0.910369 
1.107690 
1.187563 
0.302799 
0.754235 
1.287247 
1.833179 
0.916347 
0.453777 
0.532148 
1.015751 
0.045080 
1.825800 
0.804441 
1.266773 
0.642499 
0.597477 
1.056368 
0.342450 
0.660193 
1.036561 
1.729850 
0.515420 
0.467963 
0.598761 
0.618741 
0.317362 
1.077843 
0.533275 
1.100403 
0.459889 
1.290609 
0.725088 
1.711493 
1.512663 
1.360058 
1.187425 
1.412037 
0.727412 
1.687131 
0.342105 
0.236727 
1.697648 
0.278790 
0.870084 
1.165676 
0.729871 
1.333724 
0.732702 
0.861158 
0.451546 
0.277143 
0.800913 
0.735429 
0.561726 
1.220905 
1.153757 
0.675545 
0.787128 
2.023687 
0.266345 
1.028036 
1.257485 
0.805533 
0.955945 
1.086443 
0.621131 
0.662040 
0.901898 
1.145845 
0.593408 
1.048779 
1.240699 
0.524861 
1.163771 
0.616782 
2.030797 
0.410211 
0.399608 
0.713831 
1.065283 
0.635238 
0.800548 
0.406047 
1.177053 
1.166914 
1.616809 
0.815346 
0.341679 
0.701417 
0.795570 
0.443655 
0.204717 
0.552730 
1.033069 
1.010847 
1.767906 
1.932723 
2.298519 
0.847921 
1.108140 
0.587316 
0.445278 
0.823673 
0.872020 
1.596166 
1.286689 
0.852289 
0.282336 
1.771276 
1.572278 
1.186202 
0.583596 
0.701615 
1.541648 
0.197972 
0.377062 
1.339851 
0.861654 
0.527276 
0.501662 
2.228158 
0.739677 
0.553080 
0.544133 
0.283883 
1.529446 
0.488581 
0.234633 
1.512577 
1.136380 
1.195805 
0.459389 
1.534089 
0.540418 
1.132681 
1.323906 
0.253595 
0.522784 
1.528507 
0.138102 
0.409995 
1.036480 
0.606218 
0.885514 
0.913123 
0.651617 
1.061632 
0.714147 
1.428428 
1.584310 
0.986341 
1.409998 
0.644749 
1.472256 
0.356451 
0.735196 
1.247616 
0.634807 
0.798113 
1.078727 
0.241772 
0.513515 
1.450182 
1.806440 
0.814686 
0.958145 
1.246283 
0.890301 
1.353355 
1.084829 
0.913930 
2.283619 
0.656591 
1.438650 
0.878806 
1.573132 
0.498137 
0.490800 
0.615474 
0.306695 
0.377477 
1.664274 
1.747492 
0.800258 
1.315619 
0.273621 
1.487147 
0.973016 
0.719162 
0.669907 
0.596816 
0.785667 
0.948624 
0.442150 
0.740769 
0.285827 
1.227320 
0.486498 
0.991445 
0.981136 
1.525778 
0.461783 
0.973908 
0.539740 
0.260931 
0.404198 
0.429616 
0.579886 
0.673654 
0.813253 
0.685967 
0.829672 
0.739443 
0.630661 
1.877278 
0.528948 
0.715063 
1.404733 
1.392245 
1.276778 
0.501784 
0.411424 
0.554492 
1.301031 
0.636714 
1.077769 
1.499440 
0.343942 
1.510132 
0.856991 
1.143743 
1.269181 
1.116114 
0.647374 
0.233356 
1.226968 
0.824265 
0.500434 
0.256450 
1.396815 
1.105501 
0.760277 
0.662759 
0.367894 
1.207215 
0.628117 
0.680480 
0.428085 
0.455003 
0.507037 
1.886668 
0.725908 
0.694221 
0.519131 
0.505594 
1.121500 
1.602235 
0.357524 
1.325168 
1.311657 
1.011062 
0.902269 
0.985385 
0.659244 
1.515174 
1.059124 
0.374040 
0.705860 
1.503892 
0.464686 
0.536709 
0.958831 
1.001473 
0.964779 
1.140727 
0.715135 
1.638536 
0.321934 
0.915898 
0.355577 
0.627109 
0.880405 
0.866915 
1.108839 
1.222398 
1.184118 
0.741887 
1.095484 
1.439041 
0.537052 
0.856531 
0.849602 
1.283640 
0.390054 
1.419328 
1.107699 
1.299879 
2.422449 
0.323270 
1.114535 
0.460901 
0.655765 
0.612090 
1.319322 
1.762703 
0.202774 
0.504795 
1.476714 
0.386462 
1.254511 
0.076295 
0.789562 
0.635299 
0.874028 
0.433685 
0.337530 
0.582932 
0.950373 
1.281607 
0.420421 
1.366089 
0.628528 
1.061824 
1.028526 
0.793817 
0.884617 
0.667617 
0.576673 
0.881126 
0.783631 
2.267703 
1.146394 
1.285374 
0.605137 
0.900950 
1.201000 
0.652722 
1.232062 
1.025551 
0.815382 
0.923228 
1.033687 
1.728135 
1.536575 
0.459911 
0.359105 
0.115958 
0.807158 
1.121515 
1.309214 
1.011803 
0.907346 
0.397588 
0.617346 
0.490470 
0.975266 
1.401321 
0.923047 
1.506401 
0.714248 
0.181216 
1.488042 
0.374578 
1.355291 
0.468929 
1.077476 
0.962880 
0.886534 
0.794021 
0.542550 
0.174401 
0.205235 
1.557059 
1.971528 
1.713500 
0.328200 
0.325412 
1.796100 
0.932492 
1.301500 
1.230770 
0.500527 
0.688145 
1.615115 
0.879373 
0.945565 
0.881287 
0.712591 
0.423894 
0.757559 
1.264254 
0.468101 
0.629812 
1.624977 
0.195367 
0.862610 
0.977644 
1.013196 
0.267680 
0.294636 
1.506872 
0.323056 
0.364474 
1.285087 
0.286105 
0.272018 
1.552993 
0.444210 
0.179208 
0.822011 
2.313994 
1.292283 
1.116966 
0.682630 
1.157517 
0.538002 
1.819493 
0.570943 
1.023904 
0.370045 
1.120153 
0.769982 
0.626630 
0.207872 
0.686665 
0.670612 
0.915047 
2.181662 
0.062979 
1.005659 
0.278403 
1.519789 
1.153016 
0.471025 
1.110962 
1.296864 
0.561355 
0.982707 
2.228994 
0.599498 
0.342175 
2.109459 
0.347347 
1.316549 
0.668984 
1.381661 
0.278482 
0.626111 
0.373097 
1.134802 
0.775877 
1.364928 
0.433580 
1.225023 
1.476873 
0.890262 
0.387184 
0.778159 
0.879668 
0.393091 
0.307973 
0.974775 
0.211852 
1.322089 
1.293424 
1.182238 
1.010542 
0.293628 
0.682207 
1.001035 
0.696660 
0.811762 
0.985266 
0.830351 
0.604278 
2.004373 
0.656264 
0.692020 
0.604754 
0.808517 
0.332470 
1.192157 
0.626553 
0.568329 
0.875799 
0.487815 
1.316643 
1.059899 
1.047171 
0.670495 
1.305271 
1.188497 
1.925099 
1.407010 
0.934387 
1.244951 
0.976617 
0.501249 
1.429270 
2.080976 
1.389746 
0.542369 
0.796139 
0.804207 
1.182543 
1.221983 
0.782920 
0.329602 
0.411666 
1.202630 
0.935015 
0.549387 
0.860554 
1.542924 
0.876969 
0.246077 
0.356384 
0.667932 
1.150079 
1.240292 
1.131423 
0.895555 
0.883346 
1.093348 
0.730425 
0.363960 
0.814790 
0.169076 
0.651932 
0.662768 
0.123022 
0.474091 
0.970806 
0.813976 
1.063862 
0.671956 
0.548515 
0.382044 
0.792401 
0.733049 
1.518650 
0.224414 
1.061965 
0.742170 
1.771378 
0.489159 
0.811367 
0.280946 
0.922106 
0.493118 
1.405133 
0.590874 
1.207719 
0.718086 
2.200776 
0.446707 
0.865196 
0.805414 
0.484313 
1.437047 
1.337280 
0.503719 
0.278225 
0.765085 
1.110383 
1.180880 
1.281463 
1.858601 
1.479141 
0.564313 
0.696189 
1.245865 
0.623194 
0.249497 
0.487771 
0.571286 
0.564837 
1.088215 
0.661443 
1.367437 
1.551292 
0.492669 
0.389195 
1.063508 
0.981517 
0.377287 
1.397628 
0.396315 
0.970299 
0.263921 
0.136824 
0.764635 
0.586892 
0.312493 
1.473028 
3.157209 
1.365578 
1.085553 
1.858202 
1.148997 
1.830654 
0.659214 
0.858096 
0.581372 
0.729654 
1.148914 
0.912692 
1.076209 
0.746094 
1.587747 
0.871144 
0.640781 
0.381015 
1.056353 
0.118968 
1.183424 
1.278681 
1.434482 
1.513741 
0.732221 
1.675050 
1.579248 
1.396386 
0.512413 
0.102537 
1.166478 
0.512354 
1.390934 
0.756475 
0.471355 
0.942243 
0.715548 
0.895680 
0.340678 
1.078509 
1.826932 
1.359405 
0.539798 
1.025219 
0.560165 
0.434980 
0.448556 
0.965187 
0.606189 
1.388687 
0.983826 
0.250956 
1.038204 
0.823424 
1.793517 
0.278599 
0.751997 
1.448553 
1.641351 
1.042701 
1.478994 
1.061468 
1.497249 
1.166169 
0.344081 
0.312349 
0.634926 
0.847455 
1.017153 
0.763047 
0.472210 
0.969192 
0.577751 
0.776304 
0.548176 
0.897482 
0.990402 
0.763572 
0.416409 
1.642007 
0.592948 
1.229247 
2.246656 
1.768061 
0.563070 
1.751579 
0.176845 
1.102788 
1.332971 
1.817080 
0.675618 
1.126074 
1.009513 
0.548984 
0.787270 
1.178665 
0.660042 
1.256392 
0.552541 
2.472876 
0.517666 
0.788480 
0.966281 
0.855354 
1.572356 
1.418907 
0.273356 
0.881992 
0.607073 
0.512756 
0.800552 
0.963364 
0.102825 
0.792944 
0.907074 
0.575842 
0.738331 
0.946291 
2.063499 
0.537674 
0.899530 
0.659068 
1.869710 
0.464206 
0.973718 
0.751642 
1.700877 
1.836413 
0.505304 
0.482494 
1.819342 
0.785466 
1.053878 
0.919168 
1.969069 
0.939435 
0.757753 
0.229465 
0.368387 
1.169127 
0.576164 
0.957331 
0.656080 
0.588839 
0.262985 
1.553803 
0.925310 
0.817064 
0.835142 
0.907430 
1.157521 
0.242080 
1.564129 
1.109185 
0.537317 
0.863954 
0.387480 
0.466218 
0.822525 
0.673604 
0.718275 
0.779217 
1.320584 
0.276702 
0.160724 
1.277498 
1.038621 
0.787737 
1.391486 
1.243338 
0.482161 
0.385720 
0.699511 
0.902587 
0.751204 
0.777644 
0.794167 
0.080581 
1.681503 
1.872002 
0.915579 
1.065912 
0.164987 
0.809790 
0.699268 
0.570271 
0.083147 
0.864224 
0.800326 
0.830778 
1.488492 
1.444894 
1.752486 
1.122084 
1.729301 
1.967164 
0.857383 
0.969984 
0.763190 
0.687083 
0.710744 
1.023090 
0.850093 
1.237079 
0.480442 
1.707283 
0.520498 
1.058565 
1.744118 
0.442953 
1.016056 
0.856485 
1.394879 
1.053926 
0.027552 
0.528701 
1.721216 
0.087623 
1.212331 
0.739572 
0.839977 
1.039974 
0.594025 
0.784743 
0.687916 
0.532706 
0.760215 
1.509453 
1.394039 
1.457304 
0.565691 
0.540535 
0.868095 
1.246209 
0.193923 
1.153133 
1.151061 
0.566146 
0.725626 
1.076924 
0.776007 
0.233785 
0.480606 
0.608553 
1.134425 
0.481600 
0.897771 
1.056095 
0.491559 
0.625006 
0.313299 
1.129561 
2.038171 
0.704019 
0.446335 
0.669582 
1.007866 
0.983077 
0.547338 
0.826151 
0.832532 
0.872261 
1.174065 
0.172469 
0.622345 
1.239681 
1.202966 
0.238519 
0.246952 
0.437365 
1.163529 
0.846474 
0.507796 
1.719393 
1.311731 
1.737670 
0.410381 
0.684872 
0.988175 
0.679322 
1.093885 
1.123307 
0.307943 
1.070487 
0.337540 
0.562330 
0.210614 
1.169923 
1.487723 
0.599923 
0.524154 
0.703813 
1.342281 
2.108151 
0.738000 
0.411982 
1.218046 
0.451893 
0.487348 
1.336370 
0.666658 
1.749532 
0.649188 
0.939226 
1.521208 
0.424575 
0.877857 
0.240364 
0.880411 
0.418481 
0.744818 
0.520256 
1.449046 
0.852175 
1.586139 
2.052477 
1.244239 
1.812709 
1.145493 
1.064546 
0.554693 
1.881513 
0.266708 
0.324315 
1.788897 
0.818920 
0.543727 
1.148209 
1.057721 
0.793661 
0.912093 
0.180719 
0.738648 
1.547077 
0.981304 
0.622968 
0.276564 
0.411135 
0.688819 
0.974322 
0.616475 
1.275720 
1.377645 
0.463974 
0.620816 
1.211088 
0.443932 
0.336713 
1.147369 
1.550440 
1.240186 
2.394775 
1.457894 
1.386803 
0.318743 
1.353418 
0.647516 
0.659329 
0.921590 
0.126192 
1.309299 
0.383974 
0.221624 
0.524382 
0.216445 
1.047434 
0.908664 
0.356589 
1.313092 
1.676550 
1.148144 
0.385136 
1.166320 
0.934610 
0.634638 
0.255607 
0.658489 
0.845087 
0.432261 
0.295746 
0.738097 
1.765016 
0.289733 
0.598007 
1.287671 
0.441532 
0.389139 
0.406014 
0.868523 
1.116979 
0.428547 
0.655847 
1.377121 
0.492921 
0.944230 
1.503392 
1.461506 
0.406116 
0.123237 
1.102683 
0.310470 
1.173118 
1.357001 
1.343011 
0.632805 
0.435756 
1.512691 
1.070095 
1.072357 
0.267359 
1.204388 
0.330341 
0.157885 
1.367956 
0.719428 
1.340328 
0.153217 
0.886841 
2.067731 
0.897175 
0.545497 
0.408757 
1.525600 
0.336869 
0.679237 
0.823499 
0.054332 
0.538160 
1.016960 
0.134850 
1.761049 
1.154669 
1.204258 
1.261628 
0.920821 
0.316750 
1.866991 
0.797084 
1.225479 
1.028399 
0.880261 
0.884703 
1.187845 
0.910918 
0.701787 
0.417745 
0.712353 
0.728844 
1.104415 
0.696142 
1.830850 
1.808856 
0.878664 
1.421527 
0.268083 
1.542940 
0.667916 
0.273935 
0.416072 
0.066250 
0.307663 
0.347855 
1.161900 
1.391601 
1.553158 
0.612068 
1.738185 
1.455419 
1.235507 
1.141889 
0.871948 
0.623304 
0.562652 
0.583500 
1.472977 
1.039037 
0.771669 
0.577694 
0.274098 
0.408061 
1.049796 
0.195138 
0.350262 
0.479959 
1.533569 
0.452024 
0.346710 
0.554497 
0.545152 
0.563703 
0.559858 
0.653306 
0.698623 
0.099419 
0.476620 
0.593133 
0.623727 
0.409629 
0.440453 
0.333048 
1.464796 
1.110759 
0.746146 
0.409475 
2.437949 
0.612367 
1.298241 
0.768587 
0.952616 
1.476643 
0.956531 
0.553987 
1.606851 
1.120262 
0.796828 
1.329341 
1.516517 
0.935614 
0.313969 
0.413008 
1.390898 
0.671492 
0.837645 
0.526013 
0.682979 
1.108649 
0.879106 
1.089806 
1.407092 
1.119816 
1.268758 
1.168842 
0.742084 
0.507401 
1.515096 
0.739019 
0.880827 
1.118706 
1.420089 
0.382565 
0.958456 
0.792490 
0.715219 
0.863191 
0.447234 
1.429597 
0.661604 
0.290650 
0.777613 
0.771280 
0.521137 
0.608281 
1.291382 
1.164059 
0.894811 
0.451062 
0.772619 
0.305799 
1.453733 
0.610844 
1.276392 
1.066313 
0.240827 
0.507875 
1.538415 
1.765043 
1.022075 
0.768385 
1.052303 
0.850748 
0.934024 
0.561603 
1.996740 
2.011075 
1.260447 
0.421434 
1.384522 
0.403585 
0.528549 
0.605208 
0.955502 
0.810518 
0.978266 
0.726369 
0.503111 
0.427373 
0.949529 
1.057449 
0.544058 
0.800642 
2.042191 
0.249007 
0.406739 
0.204362 
0.582189 
0.245930 
2.380555 
1.656366 
0.838077 
1.047345 
0.774068 
0.301049 
1.660845 
0.752301 
0.267639 
1.148191 
0.950605 
1.597452 
1.463991 
1.350615 
0.509653 
0.810328 
0.621268 
1.364722 
1.489971 
0.885949 
0.108249 
0.815176 
0.494554 
0.558378 
1.785350 
0.474397 
0.630454 
0.343342 
0.526914 
0.977604 
0.431505 
0.522575 
0.894985 
1.059404 
1.534500 
0.043126 
1.196588 
1.357632 
0.754476 
1.331705 
0.923885 
0.171406 
1.181354 
0.781244 
1.421944 
1.991696 
1.668679 
0.456095 
1.321902 
1.330336 
1.146935 
1.347825 
0.615218 
1.722926 
0.333549 
0.565661 
0.403347 
0.753576 
0.697269 
0.706062 
0.223518 
0.899725 
0.999218 
0.957038 
0.510480 
0.877047 
0.959466 
2.158614 
0.689425 
0.190804 
1.311164 
1.745042 
0.258636 
0.922603 
0.725505 
1.640953 
0.898779 
0.653394 
0.357721 
0.691333 
0.441523 
1.381648 
0.495070 
0.823236 
1.269391 
0.624163 
1.205269 
1.733876 
1.187561 
0.404722 
0.648247 
1.277901 
1.106439 
1.916972 
0.719986 
1.655214 
0.846132 
0.079029 
1.613354 
1.484385 
0.207085 
1.171868 
1.358331 
0.335876 
0.620805 
0.537890 
0.199415 
1.439217 
0.955558 
0.416274 
0.541230 
1.222857 
0.104523 
0.798326 
0.558622 
1.291249 
1.256841 
0.186315 
1.197723 
0.893448 
0.452570 
0.332855 
0.661667 
1.489423 
0.287855 
1.192987 
1.323749 
0.945262 
1.203910 
1.181789 
0.809086 
1.283139 
0.831706 
0.623793 
1.566144 
1.307627 
0.923213 
1.748202 
1.086842 
0.434854 
0.344708 
1.714031 
1.720185 
0.362126 
0.736092 
0.493550 
1.649354 
0.488468 
0.536746 
1.091091 
1.198387 
0.756203 
1.270215 
0.352266 
0.628975 
1.457031 
1.444150 
0.408016 
0.798105 
1.012215 
1.537429 
1.739407 
0.771223 
0.720809 
0.565640 
0.670698 
0.504018 
1.371084 
0.615330 
1.579283 
0.141001 
0.746514 
1.413667 
1.853723 
0.893764 
0.576510 
0.450945 
0.813760 
0.826610 
0.754801 
0.445769 
0.545276 
1.427919 
1.990968 
0.684283 
0.467824 
1.405588 
0.535941 
0.656251 
0.635710 
1.487884 
0.543612 
0.577882 
0.643470 
1.040176 
0.903226 
1.099236 
1.471856 
0.720682 
0.128999 
1.274257 
0.743662 
0.765846 
1.049045 
0.706109 
2.257404 
1.731206 
0.927087 
0.806477 
0.767455 
0.104888 
1.036364 
1.100772 
1.458339 
1.009929 
0.281547 
0.283719 
0.833422 
0.627960 
0.746547 
1.338184 
0.494059 
1.072016 
0.352862 
0.900598 
0.649523 
1.059857 
0.544936 
0.510722 
0.288582 
0.565167 
0.181574 
0.838212 
1.123785 
1.096840 
1.508677 
1.114217 
1.024319 
0.801460 
0.457979 
0.315775 
0.814466 
1.371553 
1.263170 
0.674658 
0.816966 
1.437668 
0.764974 
2.097154 
0.471444 
1.429071 
1.311334 
0.733244 
0.897799 
1.667198 
1.886223 
1.509481 
0.973974 
0.509232 
0.368784 
1.086147 
0.834775 
0.416972 
0.468850 
0.497189 
1.400442 
0.315338 
1.630970 
0.843524 
0.916898 
0.356369 
0.962482 
0.234425 
1.845743 
0.716149 
0.737038 
0.777703 
0.566653 
1.407628 
0.763249 
0.801459 
1.148137 
0.551669 
1.485130 
0.580126 
0.472807 
1.405546 
0.450026 
1.294956 
0.306632 
0.609735 
0.839391 
0.946295 
0.796890 
1.101858 
1.289917 
0.632123 
1.264070 
1.161721 
1.350293 
0.675371 
1.401978 
0.764412 
0.737751 
1.324064 
1.362445 
1.351120 
0.573880 
0.354971 
1.098767 
1.131632 
0.947254 
0.753704 
2.041549 
0.811208 
1.126912 
0.452071 
0.648670 
1.525685 
2.481859 
0.753490 
0.489380 
0.836847 
0.158421 
1.071927 
0.481056 
1.343181 
0.111942 
0.065363 
0.926343 
1.379687 
0.680350 
0.756721 
0.589407 
1.249770 
0.552088 
0.384184 
0.995951 
0.885322 
0.543315 
0.632985 
0.555434 
1.372394 
1.200771 
0.536326 
0.632929 
0.811821 
0.755377 
1.058043 
0.697397 
0.752903 
0.335974 
0.954770 
1.659234 
0.375523 
0.574568 
0.392620 
1.846213 
0.589580 
0.398919 
0.884849 
0.395176 
0.853865 
1.964374 
0.759183 
0.606672 
0.525920 
0.925379 
1.662969 
1.239743 
1.333121 
0.557546 
0.227463 
1.065730 
0.176559 
0.597697 
0.094605 
0.848654 
1.152740 
1.071040 
1.512489 
0.428729 
1.247724 
0.828482 
0.331673 
1.592094 
1.226404 
0.532662 
1.478495 
0.272165 
0.707900 
0.750420 
0.493273 
1.558249 
0.725779 
1.030255 
0.498095 
1.026169 
0.510372 
0.412936 
0.756870 
0.249193 
0.742674 
0.816409 
1.159041 
0.778664 
1.243391 
1.173932 
1.855234 
0.859292 
0.750214 
1.419002 
1.082240 
0.497936 
0.671666 
1.257301 
0.388827 
0.389660 
0.205168 
0.168343 
0.488463 
0.756032 
0.783227 
0.747693 
0.653021 
1.423009 
0.293029 
0.914743 
0.855649 
0.611053 
1.134068 
1.762282 
0.681844 
0.399637 
0.763467 
0.342761 
0.960176 
0.509483 
1.399118 
0.918993 
1.178656 
0.584255 
0.757634 
0.762339 
0.843135 
1.268305 
0.517497 
1.023353 
1.680828 
0.568496 
1.063122 
0.407454 
1.114975 
0.381669 
0.932951 
0.245956 
0.059705 
1.043624 
0.991159 
0.859978 
1.921670 
0.655454 
0.806139 
0.652714 
0.828777 
1.587663 
0.782326 
0.323058 
0.400524 
0.616926 
1.052001 
1.513970 
0.964751 
0.334889 
0.644249 
0.348758 
1.537413 
0.924564 
1.200973 
1.369259 
1.379303 
0.762238 
2.794667 
0.909009 
0.926579 
0.932432 
0.985042 
0.931118 
0.529264 
0.532153 
0.328781 
0.497694 
0.951843 
0.931832 
0.914019 
0.311929 
0.832477 
0.156078 
0.461488 
1.022031 
0.645325 
1.405182 
0.889985 
1.710358 
1.849137 
1.475986 
0.250621 
1.437027 
0.786665 
1.319143 
1.127961 
0.611806 
0.555081 
1.127320 
1.440827 
1.356954 
0.597481 
0.827277 
0.739428 
0.886798 
1.164326 
0.861144 
1.201508 
0.642355 
0.331340 
0.633117 
0.750684 
0.962347 
0.661386 
0.987173 
0.538915 
1.089578 
0.813176 
1.266970 
1.012518 
0.774448 
1.076192 
1.100532 
0.626044 
0.399298 
0.864830 
0.212279 
0.784517 
1.252747 
1.200698 
0.637756 
1.001492 
0.256522 
1.330660 
0.236489 
0.968001 
0.921213 
0.928876 
0.682227 
1.552065 
1.070375 
1.100877 
0.645649 
0.580297 
0.241568 
1.819546 
0.878703 
1.180142 
0.770036 
0.641218 
0.706417 
1.512091 
0.152759 
0.315994 
0.501822 
0.432277 
0.985914 
0.556934 
0.997196 
0.730478 
0.174970 
1.825025 
0.218753 
0.313903 
1.256955 
0.326502 
1.100369 
0.675074 
1.066190 
0.277627 
0.568419 
0.669384 
1.224177 
0.979635 
1.020506 
1.338367 
0.932033 
0.452316 
0.937611 
0.167928 
0.859321 
1.950483 
1.614334 
0.887640 
0.274843 
0.401377 
1.121399 
1.088857 
0.732776 
0.651299 
0.337983 
0.768063 
0.609070 
0.409920 
0.880548 
0.331290 
0.543541 
0.525761 
0.796741 
1.652995 
0.615910 
1.170742 
0.592528 
0.311105 
0.671603 
1.693223 
1.611485 
1.695349 
0.370320 
0.845016 
1.884790 
1.025009 
0.818272 
1.509338 
0.466393 
0.907118 
0.217772 
1.555845 
0.542891 
0.787094 
0.544830 
0.671808 
1.542636 
0.914597 
0.854159 
0.769543 
1.053960 
1.218947 
1.079827 
0.389363 
1.110466 
0.064004 
1.475787 
0.068649 
0.318277 
0.536071 
1.718516 
0.148575 
0.463478 
0.281111 
0.871587 
0.424155 
1.138248 
0.143024 
0.253358 
1.596234 
0.932772 
0.338880 
1.337586 
1.345356 
0.919041 
0.306622 
0.471799 
0.805936 
1.033720 
1.124238 
1.607773 
0.629550 
0.821937 
0.974331 
0.794294 
0.472064 
0.979766 
0.661747 
0.478265 
1.117921 
0.962969 
0.406476 
1.152818 
1.264102 
0.509048 
0.557852 
1.810861 
1.758139 
0.582433 
0.157548 
1.445661 
1.425024 
0.377789 
1.111360 
1.105041 
1.102275 
1.266538 
1.533068 
0.446851 
0.779596 
0.986488 
0.334073 
1.235421 
0.346689 
1.126044 
0.537035 
0.612730 
0.639529 
0.963987 
0.853652 
0.224395 
0.484915 
1.052599 
1.238610 
0.085193 
1.511040 
0.230616 
1.868810 
1.383675 
0.643987 
2.265183 
1.142480 
0.483202 
0.368687 
0.759229 
1.563851 
1.332011 
0.520133 
1.305251 
0.107046 
1.085898 
0.761575 
0.352740 
0.802863 
0.897765 
1.343661 
1.137279 
1.418671 
0.433442 
0.633803 
0.695877 
0.498955 
0.881658 
0.234729 
0.068983 
0.890607 
1.740509 
0.241253 
0.853282 
1.277067 
0.710075 
0.846123 
0.872775 
0.962788 
1.008512 
1.883846 
0.853773 
0.795308 
0.483261 
0.639385 
0.808823 
1.519881 
1.222539 
0.953497 
0.686576 
0.631668 
0.752942 
0.327201 
0.466240 
0.962479 
0.752498 
0.930391 
1.318909 
1.897752 
1.000951 
1.329258 
0.857100 
0.937129 
1.472682 
0.195456 
0.701571 
0.575211 
0.892029 
1.596659 
1.473458 
0.455132 
1.495306 
0.718825 
1.032793 
0.326953 
1.159115 
0.382314 
0.046127 
0.850340 
1.149328 
0.689056 
1.362475 
0.425844 
0.808084 
0.199794 
1.212052 
1.558506 
0.981446 
0.949754 
1.469432 
0.537806 
0.742027 
0.720433 
1.343758 
0.608059 
0.764251 
0.504049 
0.945257 
2.173542 
0.397601 
0.804770 
0.443040 
0.200317 
1.456824 
1.340210 
0.389429 
0.982763 
1.873025 
0.392596 
0.379414 
1.102087 
0.857730 
1.951664 
1.425733 
0.018665 
0.130792 
1.009232 
1.559776 
1.004338 
0.515216 
1.262373 
1.475020 
1.033767 
0.474631 
1.131601 
1.835830 
1.016395 
1.710978 
0.901576 
1.004203 
0.311884 
0.183556 
1.295738 
0.376284 
1.564041 
1.021120 
0.564330 
0.872241 
0.980378 
0.732894 
1.048314 
0.621862 
1.659903 
1.017127 
0.458685 
1.661557 
1.040889 
1.328098 
1.374886 
0.593487 
0.252471 
1.018742 
0.450048 
1.125555 
1.371304 
1.535805 
1.073184 
0.822447 
1.382036 
0.524258 
0.368183 
1.701005 
0.565189 
1.678318 
0.282368 
0.454760 
0.941270 
0.655607 
1.127519 
0.479282 
1.203316 
0.698768 
0.863969 
1.099328 
0.177251 
1.121458 
1.008186 
1.085952 
0.886520 
0.817106 
2.131968 
0.965161 
0.377585 
0.435461 
0.626152 
1.982412 
0.285332 
0.091014 
0.799068 
1.631212 
0.534570 
0.955526 
1.441264 
0.859158 
0.879845 
1.738773 
1.110783 
0.367896 
0.598102 
0.747828 
0.634984 
0.260662 
1.298328 
1.396547 
1.207033 
1.366840 
0.923064 
0.720747 
0.878879 
0.353962 
1.492665 
0.865854 
1.134312 
0.159550 
1.097598 
0.222144 
0.074199 
1.227575 
0.240941 
0.805581 
1.110315 
0.603147 
0.281349 
0.935557 
1.324484 
0.976990 
0.874575 
0.876026 
1.163269 
1.343096 
1.824411 
0.276126 
1.520847 
1.228341 
1.635957 
1.050176 
0.989609 
0.838142 
0.275812 
0.421176 
0.986878 
1.834983 
1.082270 
0.651900 
2.161509 
0.703370 
0.708149 
2.357239 
0.429810 
0.774096 
0.800998 
1.448176 
1.187203 
0.893164 
0.785508 
0.934837 
0.424158 
2.304519 
0.355115 
1.538515 
1.332051 
0.293676 
1.973525 
1.146598 
1.405917 
1.554771 
0.714166 
0.815678 
0.732784 
0.800081 
1.022440 
0.196530 
0.759451 
0.642820 
0.696184 
0.748501 
1.142234 
1.227668 
0.743985 
1.509020 
0.510255 
1.512916 
1.220651 
2.048490 
0.771176 
0.517667 
0.915690 
0.974247 
0.511414 
1.076443 
0.855716 
0.249913 
1.210058 
0.831146 
1.253059 
0.997403 
0.725993 
0.461074 
0.351306 
1.320540 
1.044749 
1.202599 
1.409982 
0.328978 
0.329745 
0.532798 
0.870772 
1.335084 
0.161046 
1.771146 
1.142963 
0.542348 
1.390131 
0.837150 
0.523588 
0.601390 
1.158812 
1.283437 
1.575422 
1.864121 
0.824796 
0.756295 
0.173289 
0.551530 
1.650605 
1.312844 
1.493353 
0.649404 
0.114755 
0.092865 
0.430592 
1.063602 
1.217947 
0.181125 
1.230399 
1.445263 
0.572441 
0.610883 
1.109408 
0.603212 
0.558600 
0.758099 
0.905883 
0.362678 
1.682106 
1.267890 
0.745932 
1.067230 
0.966454 
0.648317 
1.023064 
0.325556 
1.228202 
1.065212 
0.671366 
1.117534 
0.832608 
0.542958 
0.242828 
0.848382 
0.553535 
0.506780 
0.459712 
0.194282 
0.547216 
1.876548 
1.563394 
0.878970 
0.575454 
0.985186 
1.361167 
0.893523 
0.245036 
0.718268 
1.057541 
2.678081 
0.475897 
0.324481 
1.066108 
1.288076 
0.765088 
0.630448 
1.552690 
0.500833 
0.080458 
0.564771 
1.653397 
0.840373 
0.866989 
2.205550 
0.140779 
1.253716 
0.496890 
0.485670 
1.329763 
0.805748 
0.446249 
1.164918 
0.125941 
0.787883 
0.672394 
1.399476 
0.111738 
0.740385 
0.551162 
1.075686 
0.739489 
0.790452 
1.240816 
0.325129 
0.566277 
0.509501 
0.747748 
0.451745 
0.773765 
0.755299 
0.782260 
0.697821 
1.683543 
2.068146 
0.688822 
1.800205 
1.227641 
0.952760 
0.433033 
0.967490 
0.277511 
0.658156 
0.656806 
0.306846 
1.296950 
1.119003 
1.723910 
1.323300 
0.382503 
0.486514 
0.847048 
0.902742 
1.060749 
0.594305 
1.035334 
1.729352 
0.864269 
0.299765 
0.379825 
1.938636 
0.857553 
0.946883 
0.670598 
0.787248 
0.929047 
1.160585 
0.741317 
0.664080 
0.640535 
0.949132 
1.826536 
0.727154 
1.704803 
0.614885 
0.833178 
1.193467 
0.171374 
0.772389 
0.938780 
0.424717 
1.038771 
0.320781 
1.132044 
0.639299 
0.709295 
0.691442 
0.579483 
1.595364 
0.792030 
0.737563 
1.511597 
2.077725 
0.108104 
0.549223 
0.771536 
0.943958 
0.019225 
1.432083 
1.710543 
0.640970 
0.791058 
1.554688 
1.173294 
0.726941 
0.505690 
0.533982 
0.431402 
0.542046 
1.093316 
1.186949 
0.737631 
0.665098 
1.385557 
0.391379 
1.086647 
0.534749 
0.859223 
1.955996 
0.432003 
2.103688 
0.712131 
0.266311 
1.917447 
0.725681 
0.631494 
0.741884 
2.664787 
0.631930 
0.590817 
1.706078 
1.047398 
1.194280 
1.393045 
0.730715 
0.432054 
0.292543 
1.041211 
0.644721 
0.640614 
0.667111 
0.317121 
1.188100 
1.123020 
1.725277 
1.511748 
0.725971 
0.469383 
0.738432 
0.700553 
0.677378 
0.724462 
1.240983 
0.757297 
0.694952 
0.465772 
1.203955 
1.281231 
0.464672 
0.315153 
0.326256 
0.388004 
1.195826 
1.404169 
2.357442 
0.437778 
0.177635 
0.285284 
1.345041 
0.681087 
0.731949 
0.466278 
0.793047 
0.433070 
1.559282 
0.733231 
0.267942 
0.623064 
0.975140 
0.820096 
1.111943 
1.998727 
1.510731 
0.826802 
0.735768 
0.574359 
1.082553 
0.450056 
0.302270 
1.468970 
0.570610 
0.456742 
0.156493 
0.198389 
0.224309 
0.143331 
0.489411 
0.289006 
0.322013 
0.224618 
0.774718 
0.848551 
0.529637 
1.581955 
1.073730 
0.412818 
0.637540 
1.183477 
0.806776 
1.717225 
0.527821 
0.456342 
1.627200 
0.390012 
1.072138 
0.653095 
0.740512 
0.683733 
0.869639 
0.843899 
0.546089 
1.285617 
1.093787 
0.575634 
1.370350 
1.171963 
0.600072 
0.248919 
1.324368 
0.715748 
0.340187 
0.570974 
1.566885 
0.660895 
0.467511 
0.955178 
0.845296 
0.869317 
0.658663 
2.123496 
0.806191 
0.950896 
0.441343 
0.723020 
1.154435 
1.402655 
1.184839 
0.415190 
0.515818 
0.579122 
1.049716 
0.822333 
0.313179 
0.674444 
1.218645 
1.679853 
0.345062 
0.280959 
0.024252 
1.673191 
0.804836 
0.341156 
0.495067 
0.704148 
0.789410 
0.730697 
2.131428 
1.913780 
1.697874 
0.646180 
1.818157 
0.740330 
1.660224 
0.388829 
1.329082 
1.056850 
0.022355 
0.935765 
1.333497 
0.516450 
1.423932 
0.831141 
1.137148 
1.806701 
1.413247 
0.831477 
1.525004 
1.937202 
0.925029 
1.526982 
1.572736 
0.230604 
0.113219 
0.377897 
0.764649 
0.804492 
0.889587 
0.752179 
0.774172 
0.821526 
1.218464 
0.731230 
1.561690 
1.112437 
0.899158 
1.163630 
0.694449 
0.899781 
0.627185
0.463819 
1.116476 
0.850242 
0.410869 
0.927302 
0.117730 
0.243594 
0.897748 
0.942657 
1.797477 
0.795666 
1.011536 
1.902614 
0.960010 
0.294877 
0.772858 
0.401529 
0.851085 
1.519201 
1.010349 
0.583756 
0.614723 
0.896625 
2.574062 
1.426101 
0.590322 
0.692903 
0.742876 
0.982930 
0.950670 
0.489680 
1.294890 
0.606124 
1.140817 
1.858234 
1.468438 
1.163344 
0.162190 
0.758628 
0.633307 
2.073824 
1.539880 
1.881249 
1.791744 
0.843103 
0.236149 
0.725645 
1.035351 
0.918171 
0.609036 
0.594057 
1.398065 
0.989823 
1.376856 
1.394729 
0.825064 
0.394363 
0.521779 
1.580995 
1.200731 
1.338493 
0.374842 
0.926938 
0.389493 
1.399511 
0.887209 
0.159137 
0.957989 
0.919714 
0.788035 
1.635050 
0.902647 
0.678829 
1.523877 
0.852975 
1.450388 
1.768537 
1.614787 
0.875848 
0.863763 
0.519071 
1.337824 
0.696251 
1.404181 
1.071542 
0.525385 
0.661654 
1.324182 
0.808120 
0.563935 
0.944650 
0.612537 
0.718797 
0.427204 
0.777443 
0.551737 
1.115196 
0.807010 
1.409950 
0.576169 
1.683369 
1.256946 
1.353156 
0.609666 
1.091129 
0.664150 
0.456917 
1.027586 
0.576726 
1.134724 
0.442617 
0.855676 
0.902409 
0.908681 
0.691314 
0.523695 
1.275140 
1.151518 
0.262710 
0.576578 
0.083060 
1.034423 
0.951602 
0.726816 
1.317670 
0.224817 
1.056992 
0.875661 
0.866352 
0.876087 
1.305249 
0.795736 
0.632654 
1.035461 
1.229652 
0.161668 
0.120463 
1.854947 
1.064419 
0.594062 
1.085242 
1.391711 
1.302130 
0.535239 
0.735622 
0.467638 
0.819335 
0.499997 
1.634626 
0.900635 
0.837397 
1.666367 
0.488964 
0.324090 
0.654151 
0.192757 
0.401665 
0.145502 
0.921172 
1.062908 
0.902059 
0.703009 
0.397272 
1.475521 
0.221059 
1.611683 
1.560569 
0.253201 
1.496545 
0.944717 
0.667414 
0.938489 
0.768745 
0.439926 
1.341484 
1.412806 
0.682515 
0.625268 
0.298636 
0.601130 
1.453953 
0.943405 
0.525162 
0.310478 
1.080806 
0.943165 
0.370661 
1.349243 
0.970513 
1.097770 
0.850580 
0.427321 
0.307622 
1.039993 
0.234574 
0.385333 
0.939713 
1.838647 
0.472491 
0.808643 
0.901496 
0.905505 
0.260320 
0.050515 
1.153219 
1.517932 
1.419491 
0.337874 
0.503265 
1.742547 
0.727730 
0.329678 
0.882869 
1.027660 
0.465586 
0.511748 
0.525560 
0.624869 
0.266279 
1.380909 
0.154516 
0.935738 
